           CPU0       CPU1       CPU2       CPU3       CPU4       CPU5       CPU6       CPU7       CPU8       CPU9       CPU10      CPU11      CPU12      CPU13      CPU14      CPU15      CPU16      CPU17      CPU18      CPU19      CPU20      CPU21      CPU22      CPU23      
  9:          0          0          0          0          0          0          0          0          0          0          0          0          0          0          0          0          0          0          0          0          0          0          0          0     GICv3  25 Level     vgic
 10:          0          0          0          0          0          0          0          0          0          0          0          0          0          0          0          0          0          0          0          0          0          0          0          0     GICv3  30 Level     kvm guest ptimer
 11:          0          0          0          0          0          0          0          0          0          0          0          0          0          0          0          0          0          0          0          0          0          0          0          0     GICv3  27 Level     kvm guest vtimer
 12:   43836031   44755387   43737936   42312639   44231886   44169217   43221861   42042580   43276956   44006295   43229235   41412795   43648738   44603096   42935544   41733266   43783107   43714828   42903719   42134085   43292619   43515829   45699908   41466560     GICv3  26 Level     arch_timer
 13:       2818          0          0          0          0          0          0          0          0          0          0          0          0          0          0          0          0          0          0          0          0          0          0          0     GICv3 141 Level     uart-pl011
 14:          0          0          0          0          0          0          0          0          0          0          0          0          0          0          0          0          0          0          0          0          0          0          0          0     GICv3 122 Edge      ACPI:Ged
 16:          0          0          0          0          0          0          0          0          0          0          0          0          0          0          0          0          0          0          0          0          0          0          0          0     GICv3 129 Level     gpio-dwapb
 18:          0          0          0          0          0          0          0          0          0          0          0          0          0          0          0          0          0          0          0          0          0          0          0          0     GICv3 477 Level     gpio-dwapb
 19:          0          0          0          0          0          0          0          0          0          0          0          0          0          0          0          0          0          0          0          0          0          0          0          0     GICv3 480 Level     HISI02A2:00
 20:          0          0          0          0          0          0          0          0          0          0          0          0          0          0          0          0          0          0          0          0          0          0          0          0     GICv3 481 Level     HISI02A2:01
 21:          0          0          0          0          0          0          0          0          0          0          0          0          0          0          0          0          0          0          0          0          0          0          0          0     GICv3 138 Level     HISI02A2:02
 22:          0          0          0          0          0          0          0          0          0          0          0          0          0          0          0          0          0          0          0          0          0          0          0          0     GICv3 139 Level     HISI02A2:03
 23:          0          0          0          0          0          0          0          0          0          0          0          0          0          0          0          0          0          0          0          0          0          0          0          0     GICv3 485 Level     HISI02A2:04
 26:          0          0          0          0          0          0          0          0          0          0          0          0          0          0          0          0          0          0          0          0          0          0          0          0     GICv3 491 Edge      HISI0173:00
 27:          0          0          0          0          0          0          0          0          0          0          0          0          0          0          0          0          0          0          0          0          0          0          0          0     GICv3 476 Level     gpio-dwapb
 28:          0          0          0          0          0          0          0          0          0          0          0          0          0          0          0          0          0          0          0          0          0          0          0          0     GICv3  21 Level     arm_spe_pmu
 38:          0          0          0          0          0          0          0          1          0          0          0          0          0          0          0          0          0          0          0          0          0          0          0          0   ITS-MSI 63963136 Edge      ohci_hcd:usb1
 39:          0          0          0          0          0          0          0          0        316          0          0          0          0          0          0          0          0          0          0          0          0          0          0          0   ITS-MSI 63979520 Edge      ehci_hcd:usb2
 40:          0          0          0          0          0          0          0          0          0          0          0          0          0          0          0          0          0          0          0          0          0          0          0          0     GICv3  23 Level     arm-pmu
 41:          0          0          0          0          0          0          0          0          0    3173768          0          0          0          0          0          0          0          0          0          0          0          0          0          0   ITS-MSI 60866560 Edge      ahci0
 42:          0          0          0          0          0          0          0          0          0          0     201926          0          0          0          0          0          0          0          0          0          0          0          0          0   ITS-MSI 60866561 Edge      ahci1
 43:          0          0          0          0          0          0          0          0          0          0          0       2719          0          0          0          0          0          0          0          0          0          0          0          0   ITS-MSI 1572864 Edge      nvme0q0
 44:      51828          0          0          0          0          0          0          0          0          0          0          0          0          0          0          0          0          0          0          0          0          0          0          0   ITS-MSI 1572865 Edge      nvme0q1
 45:          0      58829          0          0          0          0          0          0          0          0          0          0          0          0          0          0          0          0          0          0          0          0          0          0   ITS-MSI 1572866 Edge      nvme0q2
 46:          0          0      56488          0          0          0          0          0          0          0          0          0          0          0          0          0          0          0          0          0          0          0          0          0   ITS-MSI 1572867 Edge      nvme0q3
 47:          0          0          0      51001          0          0          0          0          0          0          0          0          0          0          0          0          0          0          0          0          0          0          0          0   ITS-MSI 1572868 Edge      nvme0q4
 48:          0          0          0          0      59205          0          0          0          0          0          0          0          0          0          0          0          0          0          0          0          0          0          0          0   ITS-MSI 1572869 Edge      nvme0q5
 49:          0          0          0          0          0      54258          0          0          0          0          0          0          0          0          0          0          0          0          0          0          0          0          0          0   ITS-MSI 1572870 Edge      nvme0q6
 50:          0          0          0          0          0          0      51977          0          0          0          0          0          0          0          0          0          0          0          0          0          0          0          0          0   ITS-MSI 1572871 Edge      nvme0q7
 51:          0          0          0          0          0          0          0      51733          0          0          0          0          0          0          0          0          0          0          0          0          0          0          0          0   ITS-MSI 1572872 Edge      nvme0q8
 52:          0          0          0          0          0          0          0          0      59402          0          0          0          0          0          0          0          0          0          0          0          0          0          0          0   ITS-MSI 1572873 Edge      nvme0q9
 53:          0          0          0          0          0          0          0          0          0      56103          0          0          0          0          0          0          0          0          0          0          0          0          0          0   ITS-MSI 1572874 Edge      nvme0q10
 54:          0          0          0          0          0          0          0          0          0          0      55315          0          0          0          0          0          0          0          0          0          0          0          0          0   ITS-MSI 1572875 Edge      nvme0q11
 55:          0          0          0          0          0          0          0          0          0          0          0      50742          0          0          0          0          0          0          0          0          0          0          0          0   ITS-MSI 1572876 Edge      nvme0q12
 56:          0          0          0          0          0          0          0          0          0          0          0          0      57340          0          0          0          0          0          0          0          0          0          0          0   ITS-MSI 1572877 Edge      nvme0q13
 57:          0          0          0          0          0          0          0          0          0          0          0          0          0      61495          0          0          0          0          0          0          0          0          0          0   ITS-MSI 1572878 Edge      nvme0q14
 58:          0          0          0          0          0          0          0          0          0          0          0          0          0          0      53246          0          0          0          0          0          0          0          0          0   ITS-MSI 1572879 Edge      nvme0q15
 59:          0          0          0          0          0          0          0          0          0          0          0          0          0          0          0      55319          0          0          0          0          0          0          0          0   ITS-MSI 1572880 Edge      nvme0q16
 60:          0          0          0          0          0          0          0          0          0          0          0          0          0          0          0          0      59147          0          0          0          0          0          0          0   ITS-MSI 1572881 Edge      nvme0q17
 61:          0          0          0          0          0          0          0          0          0          0          0          0          0          0          0          0          0      58174          0          0          0          0          0          0   ITS-MSI 1572882 Edge      nvme0q18
 62:          0          0          0          0          0          0          0          0          0          0          0          0          0          0          0          0          0          0      51278          0          0          0          0          0   ITS-MSI 1572883 Edge      nvme0q19
 63:          0          0          0          0          0          0          0          0          0          0          0          0          0          0          0          0          0          0          0      52256          0          0          0          0   ITS-MSI 1572884 Edge      nvme0q20
 64:          0          0          0          0          0          0          0          0          0          0          0          0          0          0          0          0          0          0          0          0      58800          0          0          0   ITS-MSI 1572885 Edge      nvme0q21
 65:          0          0          0          0          0          0          0          0          0          0          0          0          0          0          0          0          0          0          0          0          0      57169          0          0   ITS-MSI 1572886 Edge      nvme0q22
 66:          0          0          0          0          0          0          0          0          0          0          0          0          0          0          0          0          0          0          0          0          0          0      43462          0   ITS-MSI 1572887 Edge      nvme0q23
 67:          0          0          0          0          0          0          0          0          0          0          0          0          0          0          0          0          0          0          0          0          0          0          0      50919   ITS-MSI 1572888 Edge      nvme0q24
 68:          0          0          0          0          0          0          0          0          0          0          0          0        478          0          0          0          0          0          0          0          0          0          0          0   ITS-MSI 2621440 Edge      xhci_hcd
 76:          0          0          0          0          0          0          0          0          0          0          0          0          0          0          0          0          0          0          0          0        344          0          0          0   ITS-MSI 63995904 Edge      xhci_hcd
 78:          0          0          0          0          0          0          0          0          0          0          0          0          0          0          0          0          0          0          0          0          0          0          0          0   ITS-MSI 60850177 Edge      hisi_sas_v3_hw phy
 79:          0          0          0          0          0          0          0          0          0          0          0          0          0          0          0          0          0          0          0          0          0          0          0          0   ITS-MSI 60850178 Edge      hisi_sas_v3_hw channel
 88:          0          0          0          0          0          0          0          0          0          0          0          0          0          0          0          0          0          0          0          0          0          0          0          0   ITS-MSI 60850187 Edge      hisi_sas_v3_hw fatal
 93:          0          0          0          0          0          0          0          0          0          0          0          0          0          0          0          0          0          0          0          0          0          0          0          0   ITS-MSI 60850192 Edge      hisi_sas_v3_hw cq
 94:          0          0          0          0          0          0          0          0          0          0          0          0          0          0          0          0          0          0          0          0          0          0          0          0   ITS-MSI 60850193 Edge      hisi_sas_v3_hw cq
 95:          0          0          0          0          0          0          0          0          0          0          0          0          0          0          0          0          0          0          0          0          0          0          0          0   ITS-MSI 60850194 Edge      hisi_sas_v3_hw cq
 96:          0          0          0          0          0          0          0          0          0          0          0          0          0          0          0          0          0          0          0          0          0          0          0          0   ITS-MSI 60850195 Edge      hisi_sas_v3_hw cq
 97:          0          0          0          0          0          0          0          0          0          0          0          0          0          0          0          0          0          0          0          0          0          0          0          0   ITS-MSI 60850196 Edge      hisi_sas_v3_hw cq
 98:          0          0          0          0          0          0          0          0          0          0          0          0          0          0          0          0          0          0          0          0          0          0          0          0   ITS-MSI 60850197 Edge      hisi_sas_v3_hw cq
 99:          0          0          0          0          0          0          0          0          0          0          0          0          0          0          0          0          0          0          0          0          0          0          0          0   ITS-MSI 60850198 Edge      hisi_sas_v3_hw cq
100:          0          0          0          0          0          0          0          0          0          0          0          0          0          0          0          0          0          0          0          0          0          0          0          0   ITS-MSI 60850199 Edge      hisi_sas_v3_hw cq
101:          0          0          0          0          0          0          0          0          0          0          0          0          0          0          0          0          0          0          0          0          0          0          0          0   ITS-MSI 60850200 Edge      hisi_sas_v3_hw cq
102:          0          0          0          0          0          0          0          0          0          0          0          0          0          0          0          0          0          0          0          0          0          0          0          0   ITS-MSI 60850201 Edge      hisi_sas_v3_hw cq
103:          0          0          0          0          0          0          0          0          0          0          0          0          0          0          0          0          0          0          0          0          0          0          0          0   ITS-MSI 60850202 Edge      hisi_sas_v3_hw cq
104:          0          0          0          0          0          0          0          0          0          0          0          0          0          0          0          0          0          0          0          0          0          0          0          0   ITS-MSI 60850203 Edge      hisi_sas_v3_hw cq
105:          0          0          0          0          0          0          0          0          0          0          0          0          0          0          0          0          0          0          0          0          0          0          0          0   ITS-MSI 60850204 Edge      hisi_sas_v3_hw cq
106:          0          0          0          0          0          0          0          0          0          0          0          0          0          0          0          0          0          0          0          0          0          0          0          0   ITS-MSI 60850205 Edge      hisi_sas_v3_hw cq
107:          0          0          0          0          0          0          0          0          0          0          0          0          0          0          0          0          0          0          0          0          0          0          0          0   ITS-MSI 60850206 Edge      hisi_sas_v3_hw cq
108:          0          0          0          0          0          0          0          0          0          0          0          0          0          0          0          0          0          0          0          0          0          0          0          0   ITS-MSI 60850207 Edge      hisi_sas_v3_hw cq
110:          0          0          0          0          0          0          0          0          0          0          0          0          0          0          0          0          0          0          0          0          0          0          0          0   ITS-MSI 60882945 Edge      hisi_sas_v3_hw phy
111:          0          0          0          0          0          0          0          0          0          0          0          0          0          0          0          0          0          0          0          0          0          0          0          0   ITS-MSI 60882946 Edge      hisi_sas_v3_hw channel
120:          0          0          0          0          0          0          0          0          0          0          0          0          0          0          0          0          0          0          0          0          0          0          0          0   ITS-MSI 60882955 Edge      hisi_sas_v3_hw fatal
125:          0          0          0          0          0          0          0          0          0          0          0          0          0          0          0          0          0          0          0          0          0          0          0          0   ITS-MSI 60882960 Edge      hisi_sas_v3_hw cq
126:          0          0          0          0          0          0          0          0          0          0          0          0          0          0          0          0          0          0          0          0          0          0          0          0   ITS-MSI 60882961 Edge      hisi_sas_v3_hw cq
127:          0          0          0          0          0          0          0          0          0          0          0          0          0          0          0          0          0          0          0          0          0          0          0          0   ITS-MSI 60882962 Edge      hisi_sas_v3_hw cq
128:          0          0          0          0          0          0          0          0          0          0          0          0          0          0          0          0          0          0          0          0          0          0          0          0   ITS-MSI 60882963 Edge      hisi_sas_v3_hw cq
129:          0          0          0          0          0          0          0          0          0          0          0          0          0          0          0          0          0          0          0          0          0          0          0          0   ITS-MSI 60882964 Edge      hisi_sas_v3_hw cq
130:          0          0          0          0          0          0          0          0          0          0          0          0          0          0          0          0          0          0          0          0          0          0          0          0   ITS-MSI 60882965 Edge      hisi_sas_v3_hw cq
131:          0          0          0          0          0          0          0          0          0          0          0          0          0          0          0          0          0          0          0          0          0          0          0          0   ITS-MSI 60882966 Edge      hisi_sas_v3_hw cq
132:          0          0          0          0          0          0          0          0          0          0          0          0          0          0          0          0          0          0          0          0          0          0          0          0   ITS-MSI 60882967 Edge      hisi_sas_v3_hw cq
133:          0          0          0          0          0          0          0          0          0          0          0          0          0          0          0          0          0          0          0          0          0          0          0          0   ITS-MSI 60882968 Edge      hisi_sas_v3_hw cq
134:          0          0          0          0          0          0          0          0          0          0          0          0          0          0          0          0          0          0          0          0          0          0          0          0   ITS-MSI 60882969 Edge      hisi_sas_v3_hw cq
135:          0          0          0          0          0          0          0          0          0          0          0          0          0          0          0          0          0          0          0          0          0          0          0          0   ITS-MSI 60882970 Edge      hisi_sas_v3_hw cq
136:          0          0          0          0          0          0          0          0          0          0          0          0          0          0          0          0          0          0          0          0          0          0          0          0   ITS-MSI 60882971 Edge      hisi_sas_v3_hw cq
137:          0          0          0          0          0          0          0          0          0          0          0          0          0          0          0          0          0          0          0          0          0          0          0          0   ITS-MSI 60882972 Edge      hisi_sas_v3_hw cq
138:          0          0          0          0          0          0          0          0          0          0          0          0          0          0          0          0          0          0          0          0          0          0          0          0   ITS-MSI 60882973 Edge      hisi_sas_v3_hw cq
139:          0          0          0          0          0          0          0          0          0          0          0          0          0          0          0          0          0          0          0          0          0          0          0          0   ITS-MSI 60882974 Edge      hisi_sas_v3_hw cq
140:          0          0          0          0          0          0          0          0          0          0          0          0          0          0          0          0          0          0          0          0          0          0          0          0   ITS-MSI 60882975 Edge      hisi_sas_v3_hw cq
141:          0          0          0          0          0          1          0          0          0          0          0          0          0          0          0          0          0          0          0          0          0          0          0          0   ITS-MSI 65536000 Edge      hclge-misc-0000:7d:00.0
142:    1417153          0          0          0          0          0          0          0          0          0          0          0          0          0          0          0          0          0          0          0          0          0          0          0   ITS-MSI 65536001 Edge      hns3-0000:7d:00.0-TxRx-0
143:          0     271445          0          0          0          0          0          0          0          0          0          0          0          0          0          0          0          0          0          0          0          0          0          0   ITS-MSI 65536002 Edge      hns3-0000:7d:00.0-TxRx-2
144:          0          0     583590          0          0          0          0          0          0          0          0          0          0          0          0          0          0          0          0          0          0          0          0          0   ITS-MSI 65536003 Edge      hns3-0000:7d:00.0-TxRx-4
145:          0          0          0     183143          0          0          0          0          0          0          0          0          0          0          0          0          0          0          0          0          0          0          0          0   ITS-MSI 65536004 Edge      hns3-0000:7d:00.0-TxRx-6
146:          0          0          0          0     291493          0          0          0          0          0          0          0          0          0          0          0          0          0          0          0          0          0          0          0   ITS-MSI 65536005 Edge      hns3-0000:7d:00.0-TxRx-8
147:          0          0          0          0          0     156033          0          0          0          0          0          0          0          0          0          0          0          0          0          0          0          0          0          0   ITS-MSI 65536006 Edge      hns3-0000:7d:00.0-TxRx-10
148:          0          0          0          0          0          0     680215          0          0          0          0          0          0          0          0          0          0          0          0          0          0          0          0          0   ITS-MSI 65536007 Edge      hns3-0000:7d:00.0-TxRx-12
149:          0          0          0          0          0          0          0     304440          0          0          0          0          0          0          0          0          0          0          0          0          0          0          0          0   ITS-MSI 65536008 Edge      hns3-0000:7d:00.0-TxRx-14
150:          0          0          0          0          0          0          0          0     622148          0          0          0          0          0          0          0          0          0          0          0          0          0          0          0   ITS-MSI 65536009 Edge      hns3-0000:7d:00.0-TxRx-16
151:          0          0          0          0          0          0          0          0          0     179479          0          0          0          0          0          0          0          0          0          0          0          0          0          0   ITS-MSI 65536010 Edge      hns3-0000:7d:00.0-TxRx-18
152:          0          0          0          0          0          0          0          0          0          0     907101          0          0          0          0          0          0          0          0          0          0          0          0          0   ITS-MSI 65536011 Edge      hns3-0000:7d:00.0-TxRx-20
153:          0          0          0          0          0          0          0          0          0          0          0     167364          0          0          0          0          0          0          0          0          0          0          0          0   ITS-MSI 65536012 Edge      hns3-0000:7d:00.0-TxRx-22
154:          0          0          0          0          0          0          0          0          0          0          0          0     269519          0          0          0          0          0          0          0          0          0          0          0   ITS-MSI 65536013 Edge      hns3-0000:7d:00.0-TxRx-24
155:          0          0          0          0          0          0          0          0          0          0          0          0          0     149405          0          0          0          0          0          0          0          0          0          0   ITS-MSI 65536014 Edge      hns3-0000:7d:00.0-TxRx-26
156:          0          0          0          0          0          0          0          0          0          0          0          0          0          0     499140          0          0          0          0          0          0          0          0          0   ITS-MSI 65536015 Edge      hns3-0000:7d:00.0-TxRx-28
157:          0          0          0          0          0          0          0          0          0          0          0          0          0          0          0     284349          0          0          0          0          0          0          0          0   ITS-MSI 65536016 Edge      hns3-0000:7d:00.0-TxRx-30
158:          0          0          0          0          0          0          0          0          0          0          0          0          0          0          0          0     964431          0          0          0          0          0          0          0   ITS-MSI 65536017 Edge      hns3-0000:7d:00.0-TxRx-32
159:          0          0          0          0          0          0          0          0          0          0          0          0          0          0          0          0          0     276827          0          0          0          0          0          0   ITS-MSI 65536018 Edge      hns3-0000:7d:00.0-TxRx-34
160:          0          0          0          0          0          0          0          0          0          0          0          0          0          0          0          0          0          0     408190          0          0          0          0          0   ITS-MSI 65536019 Edge      hns3-0000:7d:00.0-TxRx-36
161:          0          0          0          0          0          0          0          0          0          0          0          0          0          0          0          0          0          0          0     203309          0          0          0          0   ITS-MSI 65536020 Edge      hns3-0000:7d:00.0-TxRx-38
162:          0          0          0          0          0          0          0          0          0          0          0          0          0          0          0          0          0          0          0          0     268744          0          0          0   ITS-MSI 65536021 Edge      hns3-0000:7d:00.0-TxRx-40
163:          0          0          0          0          0          0          0          0          0          0          0          0          0          0          0          0          0          0          0          0          0     141603          0          0   ITS-MSI 65536022 Edge      hns3-0000:7d:00.0-TxRx-42
164:          0          0          0          0          0          0          0          0          0          0          0          0          0          0          0          0          0          0          0          0          0          0     369934          0   ITS-MSI 65536023 Edge      hns3-0000:7d:00.0-TxRx-44
165:          0          0          0          0          0          0          0          0          0          0          0          0          0          0          0          0          0          0          0          0          0          0          0     123974   ITS-MSI 65536024 Edge      hns3-0000:7d:00.0-TxRx-46
206:          0          0          0          0          0          0          0          0          0          0          0          0          0          0          0          0          0          0          0          0          0          0          0          0   ITS-MSI 65536065 Edge      hns-0000:7d:00.0-abn-0
207:          0          0          0          0          0          0          0          0          0          0          0          0          0          0          0          0          0          0          0          0          0          0          0        359   ITS-MSI 65536066 Edge      hns-0000:7d:00.0-aeq-0
208:          0          0          0          0          0          0          0          0          0          0          0          0          0          0          0          0          0          0          0          0          0          0          0          0   ITS-MSI 65536067 Edge      hns-0000:7d:00.0-ceq-0
209:          0          0          0          0          0          0          0          0          0          0          0          0          0          0          0          0          0          0          0          0          0          0          0          0   ITS-MSI 65536068 Edge      hns-0000:7d:00.0-ceq-1
271:          0          0          0          0          0          0          0          0          0          0          0          0          0          0          0          0          0          0          0          0          0          0          0          0  mbigen-v2 848 Edge      HISI0243:00
272:          0          0          0          0          0          0          0          0          0          0          0          0          0          0          0          0          0          0          0          0          0          0          0          0  mbigen-v2 832 Edge      HISI0213:00
273:          0          0          0          0          0          0          0          0          0          0          0          0          0          0          0          0          0          0          0          0          0          0          0          0  mbigen-v2 849 Edge      HISI0243:01
274:          0          0          0          0          0          0          0          0          0          0          0          0          0          0          0          0          0          0          0          0          0          0          0          0  mbigen-v2 833 Edge      HISI0213:01
275:          0          0          0          0          0          0          0          0          0          0          0          0          0          0          0          0          0          0          0          0          0          0          0          0  mbigen-v2 834 Edge      HISI0213:02
276:          0          0          0          0          0          0          0          0          0          0          0          0          0          0          0          0          0          0          0          0          0          0          0          0  mbigen-v2 835 Edge      HISI0213:03
277:          0          0          0          0          0          0          0          0          0          0          0          0          0          0          0          0          0          0          0          0          0          0          0          0  mbigen-v2 837 Edge      HISI0213:05
279:          0          0          0          0          0          0          0          0          0          0          0          0          0          0          0         39          0          0          0          0          0          0          0          0   ITS-MSI 526336 Edge      snd_hda_intel:card0
280:          0          0          0          0          0          0          0          0          0          0          0          0          0          0          0          0          0          8          0          0          0          0          0          0   ITS-MSI 524288 Edge      radeon
281:          0          0          0          0          0          0          0          0          0          0          0          0          0          0          0          0          0          0          0          0          0          0          0          0  mbigen-v2 836 Edge      HISI0213:04
IPI0:   1211623    1256127    1209074    1155431    1249649    1242035    1209402    1194466    1211562    1234860    1193861    1156883    1217112    1237900    1205822    1161460    1217569    1224804    1193256    1177243    1215042    1222626    1178109    1159741       Rescheduling interrupts
IPI1:  53942384   34585930   30821869   27399357   27144698   26744001   26285143   25815198   26714474   26190145   26099834   25724304   26746295   26417409   25945027   25352474   26367017   26254660   26006757   25340937   26492415   26148159   25570214   25250133       Function call interrupts
IPI2:         0          0          0          0          0          0          0          0          0          0          0          0          0          0          0          0          0          0          0          0          0          0          0          0       CPU stop interrupts
IPI3:         0          0          0          0          0          0          0          0          0          0          0          0          0          0          0          0          0          0          0          0          0          0          0          0       CPU stop NMIs
IPI4:         0          0          0          0          0          0          0          0          0          0          0          0          0          0          0          0          0          0          0          0          0          0          0          0       Timer broadcast interrupts
IPI5:        12         20         17         13         14         19         12         13        357        159          6          4        563       3324       3257        183          8         13         18         10         45          1         12          5       IRQ work interrupts
IPI6:         0          0          0          0          0          0          0          0          0          0          0          0          0          0          0          0          0          0          0          0          0          0          0          0       CPU backtrace interrupts
IPI7:         0          0          0          0          0          0          0          0          0          0          0          0          0          0          0          0          0          0          0          0          0          0          0          0       KGDB roundup interrupts
Err:          0
