Linux 6.8.0-85-generic (...)

avg-cpu:  %user   %nice %system %iowait  %steal   %idle
           0.45    0.00    0.52    0.30    0.00   98.73

Device             tps    kB_read/s    kB_wrtn/s    kB_dscd/s    kB_read    kB_wrtn    kB_dscd
dm-0             12.50        12.30        84.11       387.59    4616749   31564400  145460964
dm-1             19.26       125.08       595.17         0.00   46943645  223364436          0
loop0             0.00         0.00         0.00         0.00         17          0          0
loop1             0.00         0.00         0.00         0.00        651          0          0
loop10            0.00         0.01         0.00         0.00       1916          0          0
loop11            0.00         0.01         0.00         0.00       2082          0          0
loop12            0.00         0.00         0.00         0.00        770          0          0
loop13            0.00         0.01         0.00         0.00       2118          0          0
loop14            0.00         0.01         0.00         0.00       2365          0          0
loop15            0.00         0.00         0.00         0.00       1735          0          0
loop16            0.00         0.01         0.00         0.00       2435          0          0
loop2             0.00         0.01         0.00         0.00       2213          0          0
loop3             0.00         0.00         0.00         0.00       1532          0          0
loop4             0.00         0.01         0.00         0.00       4932          0          0
loop5             0.00         0.00         0.00         0.00       1351          0          0
loop6             0.00         0.01         0.00         0.00       1919          0          0
loop7             0.00         0.00         0.00         0.00       1780          0          0
loop8             0.00         0.01         0.00         0.00       3611          0          0
loop9             0.00         0.01         0.00         0.00       2074          0          0
nvme0n1           4.76        12.56        84.11       395.23    4714623   31564581  148329496
sda               7.40       125.09       595.17         0.00   46947080  223364440          0


